中心商业区、行政区、工业区、文化(娱乐)区、居住区、仓库码头区、游憩区和郊区

工业：商业：住宅：学校：大学：车站：医院
(3,0,7,0,0,0,0)0湘湖：3工业 7住宅
(2,0,6,2,0,0,0)1滨康路：2学校 2工业 6住宅
(3,0,4,3,0,0,0)2西兴：3学校 3工业 4住宅
(2,0,4,4,0,0,0)3滨和路：2工业 4学校 4住宅
(3,3,0,1,0,0,3)4江陵路：3医院 3工业 1学校 3商业
(0,2,3,3,0,0,2)5近江：2医院 3学校 2商业 3住宅
(3,0,5,2,0,0,0)6婺江路：3工业 2学校 5住宅
(0,1,0,0,0,4,5)7城战：5商业（火车站） 5医院
(2,5,3,0,0,0,0)8安定路：5商业 2工业 3住宅
(0,9,1,0,0,0,0)9龙翔桥：9商业 1住宅
(2,5,1,0,0,0,2)10凤起路：5商业 2工业 2医院 1住宅
(5,5,0,0,0,0,0)11武林广场：5工业 5商业
(6,0,4,0,0,0,0)12西湖文化广场：6工业 4住宅
(3,0,7,0,0,0,0)13打铁关：3工业 7住宅
(0,4,3,0,0,0,3)14闸弄口：4商业 3医院 3住宅
(0,2,2,0,0,6,0)15火车东站：8商业（火车站）2住宅
(2,6,2,0,0,0,0)16彭埠：6商业 2住宅 2工业
(2,2,6,0,0,0,0)17七堡：2商业 2工业 6住宅
(4,0,6,0,0,0,0)18九和路：2工业 8住宅
(2,3,4,0,0,0,1)19九堡：4商业 4工业 1住宅 1医院
(0,1,1,0,0,6,2)20客运中心：7商业 （客运中心） 2医院 1住宅
(6,2,2,0,0,0,0)21下沙西：6工业 2商业 2住宅
(0,6,4,0,0,0,0)22金沙湖：6商业 4住宅

(0,7,3,0,0,0,0)23高沙路：7商业 3住宅
(1,2,2,0,5,0,0)24文泽路：5学校（大学） 2商业 2住宅 1工业
(0,2,3,0,5,0,0)25文海南路：5学校（大学） 3住宅  2商业
(3,0,2,2,3,0,0)26云水：5学校 4住宅 1商业
(0,0,7,3,0,0,0)27下沙江滨：3学校 7住宅
(9,1,0,0,0,0,0)28杭州大会展中心：9工业 1商业
(8,0,2,0,0,0,0)29未知：8工业 2住宅
(8,0,2,0,0,0,0)30港城大道：8工业 2住宅
(3,0,4,3,0,0,0)31南阳：3学校 3工业 4住宅
(5,0,3,2,0,0,0)32向阳路：2学校 5工业 3住宅
(0,0,0,0,0,10,0)33萧山国际机场：10（飞机场）

(2,1,7,0,0,0,0)34朝阳：7住宅 2工业 1商业
(0,3,5,2,0,0,0)35曹家桥：3商业 5住宅 2学校
(3,0,6,1,0,0,0)36潘水：6住宅 1学校 3工业
(0,4,3,0,0,0,4)37人民路：4医院 4商业 3住宅
(0,8,2,0,0,0,0)38杭发厂：8商业 2住宅
(0,7,3,0,0,0,0)39人民广场：7商业 3住宅
(6,0,4,0,0,0,0)40建设一路：6工业 4住宅
(6,0,4,0,0,0,0)41建设三路：6工业 4住宅
(2,0,8,0,0,0,0)42振宁路：2工业 8住宅
(2,0,8,0,0,0,0)43飞虹路：2工业 8住宅
(5,5,0,0,0,0,0)44盈丰路：5工业 5商业
(2,5,3,0,0,0,0)45钱江世纪城：5商业 3住宅 2工业
(0,4,6,0,0,0,0)46钱江路：4商业 6住宅
(2,5,0,0,0,0,3)47庆春广场：3医院 5商业 2工业
(0,2,6,0,0,0,2)48庆菱路：2医院 2商业 6住宅
(6,0,4,0,0,0,0)49建国北路:6工业 4住宅
(3,4,0,3,0,0,0)50中河北路：3学校 4商业 3工业
(0,4,3,2,0,0,1)51凤起路：4商业 2学校 1医院 3住宅
(2,0,4,0,0,0,4)52武林门：4医院 4住宅 2工业
(5,0,5,0,0,0,0)53沈塘桥：5工业 5住宅
// (0,0,3,0,5,0,2)54下宁桥：5学校（大学）2医院 3住宅
(2,0,5,3,0,0,0)54学院路：3学校 2工业 5住宅
(3,2,3,2,0,0,0)55古翠路：3工业 3住宅 2商业 2学校
(0,0,8,2,0,0,0)56丰潭路：2学校 8住宅
(1,0,5,4,0,0,0)57文新：4学校 1工业 5住宅
(7,3,0,0,0,0,0)58三坝：7工业 3商业
(5,0,0,3,0,0,2)59虾龙圩：2医院 5工业 3学校
(2,4,2,2,0,0,0)60三墩：4商业 2学校 2住宅 2工业
(0,0,6,1,0,0,3)61墩祥街：1学校 3医院 6住宅
(0,3,4,0,3,0,0)62金家渡：3商业 4住宅 3学校（大学）
(0,0,7,3,0,0,0)63白洋：3学校 7住宅
(3,5,2,0,0,0,0)64杜甫村：5商业 3工业 2住宅
(0,0,6,0,4,0,0)65良渚：4学校（大学）6住宅

(4,0,4,2,0,0,0)66浦沿：4工业 4住宅 2学校
(0,0,6,0,4,0,0)67杨家墩：4学校（大学）6住宅
(3,0,2,0,5,0,0)68中医药大学：5学校（大学）3工业 2住宅
(2,0,5,3,0,0,0)69联庄：3学校 5住宅 2工业
(0,6,4,0,0,0,0)70水澄桥：6商业 4住宅
(0,5,2,3,0,0,0)71复兴路：3学校 2住宅 5商业
(0,4,4,2,0,0,0)72南星桥：2学校 4商业 4住宅
(2,0,5,3,0,0,0)73甬江路：3学校 5住宅 2工业
(7,0,3,0,0,0,0)74城星路：7工业 3住宅
(5,5,0,0,0,0,0)75市民中心：5商业 5工业
(3,5,2,0,0,0,0)76江锦路：5商业 3工业 2住宅
(2,4,2,2,0,0,0)77景芳：2学校 4商业 2工业 2住宅
(4,3,1,2,0,0,0)78新塘：2学校 3商业 4工业 1住宅
(0,0,7,3,0,0,0)79新风：3学校 7住宅
